" 21/11/04"	" 09:10:00"	"  Recalc!"	"         "	"         "	"         "	"         "	"         "	"         "	"         "	"         "	"         "	"         "	"         "	"         "	"         "	"         "	"         "	"         "	"         "
"      min"	"      L/h"	"      L/h"	" ml/(g h)"	" ml/(g h)"	"         "	"     W/kg"	" ml/(g h)"	" ml/(g h)"	"       °C"	"       °C"	"       °C"	"    L/min"	"    L/min"	"    L/min"	"        %"	"        %"	"      kPa"	" ml/(g h)"	" ml/(g h)"
"     Time"	"   O2cons"	"  CO2prod"	"  O2consW"	" CO2prodW"	"       RQ"	"        M"	"  O2consI"	" CO2prodI"	"       Tb"	"       Ta"	"       T2"	"    Aflow"	"    Flow1"	"    Flow2"	"       O2"	"      CO2"	"     PH2O"	"H2OvapLo1"	" O2FoxBox"	~	" G1"
1440.0000	0.70035	0.61309	1.61968	1.41789	0.8754	9.0357	2.13518	1.85801	2.00	12.41	2.56		2.5143	2.5070	20.4770	0.4560	0.8088	1.4298		~	1
1441.0000	0.75690	0.65653	1.75046	1.51834	0.8674	9.7653	2.32319	2.01620	1.99	12.48	2.57		2.5142	2.5072	20.4408	0.4852	0.8082	1.4282		~	1
1442.0000	0.85069	0.74363	1.96738	1.71977	0.8741	10.9753			1.99	12.10	2.59		2.5145	2.5071	20.3787	0.5437	0.8221	1.4767		~	1
1443.0000	0.81895	0.71004	1.89397	1.64209	0.8670	10.5658			1.99	11.80	2.59		2.5145	2.5071	20.4002	0.5212	0.8221	1.4775		~	1
1444.0000									1.99	11.65	2.59		2.5143	2.5070	20.6505	0.2859	0.4819			~	50
1445.0000									1.99	11.49	2.58		2.5144	2.5069	20.9327	0.0463	0.3985			~	50
1446.0000									1.99	11.81	2.58		2.5143	2.5072	20.9342	0.0450	0.3934			~	50
1447.0000									2.00	12.11	2.60		2.5143	2.5068	20.9342	0.0444	0.3907			~	50
1448.0000									1.99	12.11	2.59		2.5142	2.5071	20.9374	0.0291	0.3154			~	40
1449.0000									1.99	11.72	2.57		2.5142	2.5072	20.9416	0.0018	0.1983			~	40
1450.0000									2.00	11.45	2.59		2.5141	2.5068	20.9414	0.0014	0.1670			~	40
1451.0000									2.01	11.40	2.62		2.5142	2.5071	20.9411	0.0012	0.1522			~	40
1452.0000									2.01	11.46	2.60		2.5143	2.5068	20.9589	0.2035	0.2643			~	70
1453.0000									2.00	11.85	2.59		2.5142	2.5070	20.9897	0.5031	0.1664			~	70
1454.0000									2.01	12.11	2.60		2.5142	2.5069	20.9847	0.5056	0.1355			~	70
1455.0000									1.99	12.14	2.58		2.5142	2.5071	20.9852	0.5066	0.1211			~	70
1456.0000									1.99	12.00	2.60		2.5143	2.5071	20.8105	0.4228	0.7672			~	1
1457.0000									1.98	11.82	2.60		2.5142	2.5070	20.5239	0.4197	0.9627			~	1
1458.0000	0.62323	0.55381	1.44133	1.28078	0.8886	8.0407			1.98	11.68	2.62		2.5143	2.5072	20.5257	0.4163	1.0500	2.2676		~	1
1459.0000	0.88955	0.80287	2.05724	1.85679	0.9026	11.4766			2.00	11.96	2.61		2.5144	2.5071	20.3494	0.5835	1.0591	2.2990		~	1
1460.0000	0.85372	0.75477	1.97437	1.74553	0.8841	11.0143			1.98	12.21	2.59		2.5143	2.5072	20.3751	0.5512	1.0456	2.2522		~	1
1461.0000	0.54290	0.47018	1.25556	1.08738	0.8660	7.0044	-0.56481	-0.46824	1.98	12.26	2.59		2.5143	2.5073	20.5801	0.3601	1.0295	2.1965		~	1
1462.0000	0.40717	0.37057	0.94165	0.85701	0.9101	5.2532	0.53321	0.54976	2.00	11.91	2.57		2.5142	2.5070	20.6661	0.2932	0.9613	1.9611		~	1
1463.0000	0.48572	0.44476	1.12331	1.02858	0.9157	6.2666	1.85954	1.64817	1.99	11.57	2.60		2.5141	2.5071	20.6140	0.3430	0.9538	1.9351		~	1
1464.0000	0.59763	0.53164	1.38212	1.22950	0.8896	7.7104			1.97	11.44	2.62		2.5143	2.5072	20.5424	0.4014	0.9405	1.8889		~	1
1465.0000	0.62749	0.54926	1.45117	1.27025	0.8753	8.0956			1.97	11.48	2.63		2.5143	2.5070	20.5241	0.4132	0.9344	1.8677		~	1
1466.0000	0.66046	0.58238	1.52742	1.34686	0.8818	8.5210	2.58436	2.36844	2.01	11.73	2.62		2.5141	2.5072	20.5019	0.4355	0.9621	1.9636		~	1
1467.0000	0.76438	0.68957	1.76777	1.59476	0.9021	9.8618	2.69043	2.45540	1.98	12.11	2.58		2.5142	2.5070	20.4317	0.5075	0.9956	2.0793		~	1
1468.0000	0.87393	0.78824	2.02111	1.82293	0.9019	11.2751	2.27115	2.01328	2.00	12.23	2.59		2.5141	2.5070	20.3597	0.5737	1.0476	2.2591		~	1
1469.0000	0.81900	0.72760	1.89408	1.68271	0.8884	10.5664			1.98	11.90	2.59		2.5142	2.5071	20.3974	0.5330	1.0138	2.1421		~	1
1470.0000	0.78820	0.69968	1.82284	1.61814	0.8877	10.1690			2.02	11.70	2.63		2.5143	2.5071	20.4176	0.5143	0.9908	2.0627		~	1
1471.0000	0.74937	0.66328	1.73305	1.53396	0.8851	9.6681	1.19016	0.99833	2.01	11.53	2.61		2.5143	2.5069	20.4434	0.4898	0.9740	2.0044		~	1
1472.0000	0.70788	0.61940	1.63709	1.43246	0.8750	9.1328	1.11041	0.91311	1.98	11.62	2.59		2.5142	2.5070	20.4715	0.4603	0.9635	1.9683		~	1
1473.0000	0.67039	0.58380	1.55040	1.35014	0.8708	8.6491	1.02098	0.84967	2.02	11.95	2.60		2.5143	2.5069	20.4964	0.4364	0.9511	1.9255		~	1
1474.0000	0.64041	0.55441	1.48107	1.28218	0.8657	8.2624			1.98	12.17	2.63		2.5142	2.5070	20.5165	0.4167	0.9392	1.8842		~	1
1475.0000	0.59058	0.51298	1.36581	1.18635	0.8686	7.6194			1.98	12.10	2.60		2.5143	2.5070	20.5487	0.3889	0.9291	1.8495		~	1
1476.0000	0.60077	0.52103	1.38937	1.20497	0.8673	7.7509	1.24534	1.07534	1.98	11.86	2.60		2.5143	2.5070	20.5422	0.3943	0.9192	1.8151		~	1
1477.0000	0.57237	0.49721	1.32371	1.14989	0.8687	7.3845	1.35196	1.16538	1.99	11.70	2.58		2.5144	2.5070	20.5606	0.3783	0.9110	1.7868		~	1
1478.0000	0.59769	0.51567	1.38226	1.19258	0.8628	7.7112	1.36840	1.20085	1.96	11.56	2.58		2.5144	2.5070	20.5446	0.3907	0.9071	1.7735		~	1
1479.0000	0.59085	0.51284	1.36644	1.18604	0.8680	7.6229			1.96	11.56	2.53		2.5143	2.5071	20.5486	0.3888	0.8990	1.7456		~	1
1480.0000	0.58349	0.51211	1.34942	1.18434	0.8777	7.5279			1.96	11.98	2.54		2.5144	2.5071	20.5526	0.3883	0.8954	1.7331		~	1
1481.0000	0.61332	0.52637	1.41840	1.21733	0.8582	7.9128	1.44593	1.25216	1.96	12.25	2.56		2.5142	2.5071	20.5348	0.3979	0.8944	1.7297		~	1
1482.0000	0.58986	0.51380	1.36416	1.18825	0.8711	7.6102	1.45104	1.28833	1.95	12.04	2.58		2.5141	2.5070	20.5490	0.3894	0.8913	1.7189		~	1
1483.0000	0.60926	0.53171	1.40903	1.22967	0.8727	7.8605	1.48326	1.31715	1.96	11.75	2.58		2.5143	2.5069	20.5362	0.4014	0.8928	1.7240		~	1
1484.0000	0.61447	0.54028	1.42108	1.24948	0.8792	7.9277			1.98	11.67	2.57		2.5142	2.5071	20.5322	0.4072	0.8911	1.7181		~	1
1485.0000	0.62015	0.53841	1.43421	1.24517	0.8682	8.0010			1.97	11.66	2.60		2.5143	2.5070	20.5295	0.4060	0.8899	1.7142		~	1
1486.0000	0.66465	0.57857	1.53712	1.33805	0.8705	8.5751	1.84720	1.59755	1.98	11.81	2.59		2.5142	2.5070	20.5002	0.4329	0.8894	1.7122		~	1
1487.0000	0.67722	0.58676	1.56619	1.35698	0.8664	8.7372	1.91285	1.68781	2.02	12.09	2.57		2.5142	2.5070	20.4924	0.4384	0.8875	1.7058		~	1
1488.0000	0.69738	0.60885	1.61282	1.40808	0.8731	8.9974	1.15202	1.10633	2.02	12.26	2.58		2.5143	2.5069	20.4786	0.4533	0.9111	1.7873		~	1
1489.0000	0.73371	0.64494	1.69683	1.49154	0.8790	9.4661			2.02	11.88	2.56		2.5142	2.5070	20.4542	0.4775	0.9451	1.9045		~	1
1490.0000	0.45468	0.42488	1.05153	0.98261	0.9345	5.8661			2.01	11.68	2.57		2.5143	2.5071	20.6332	0.3297	0.9667	1.9795		~	1
1491.0000	0.48209	0.46525	1.11491	1.07597	0.9651	6.2197	1.70975	1.64642	2.03	11.65	2.57		2.5143	2.5070	20.6130	0.3568	0.9982	2.0889		~	1
1492.0000	0.54191	0.51261	1.25327	1.18550	0.9459	6.9915	3.00204	2.65678	2.04	11.72	2.58		2.5141	2.5070	20.5746	0.3886	0.9944	2.0754		~	1
1493.0000	0.80068	0.72641	1.85170	1.67995	0.9072	10.3300	2.75791	2.42618	2.01	11.98	2.57		2.5143	2.5068	20.4073	0.5322	1.0901	2.4067		~	1
1494.0000	0.81653	0.73939	1.88836	1.70996	0.9055	10.5345			1.96	12.20	2.56		2.5143	2.5070	20.3970	0.5409	1.1480	2.6073		~	1
1495.0000	0.70124	0.64494	1.62173	1.49154	0.9197	9.0471			1.98	12.08	2.56		2.5141	2.5069	20.4715	0.4775	1.1142	2.4903		~	1
1496.0000	0.86074	0.80115	1.99061	1.85280	0.9308	11.1049	2.56706	2.43115	1.98	11.89	2.60		2.5142	2.5069	20.3649	0.5824	1.1042	2.4554		~	1
1497.0000	0.91566	0.83989	2.11762	1.94239	0.9173	11.8135	2.27127	2.13656	1.99	11.71	2.61		2.5141	2.5073	20.3303	0.6084	1.0760	2.3578		~	1
1498.0000	0.87013	0.81717	2.01232	1.88985	0.9391	11.2261	1.70114	1.63610	2.00	11.65	2.61		2.5143	2.5070	20.3577	0.5931	1.0701	2.3373		~	1
1499.0000	0.82386	0.76570	1.90533	1.77081	0.9294	10.6292			1.98	11.71	2.61		2.5141	2.5068	20.3894	0.5586	1.0856	2.3910		~	1
1500.0000	0.82865	0.78073	1.91639	1.80558	0.9422	10.6909			2.00	12.02	2.60		2.5143	2.5069	20.3848	0.5687	1.0477	2.2598		~	1
1501.0000	0.78263	0.71938	1.80997	1.66368	0.9192	10.0972	1.23036	1.04996	2.00	12.31	2.59		2.5143	2.5070	20.4178	0.5275	1.0447	2.2494		~	1
1502.0000	0.78153	0.71010	1.80743	1.64223	0.9086	10.0831			2.02	12.11	2.62		2.5141	2.5068	20.4197	0.5212	1.0442	2.2476		~	1
1503.0000	0.63461	0.58174	1.46765	1.34538	0.9167	8.1875			2.01	11.83	2.61		2.5143	2.5071	20.5157	0.4350	1.0815	2.3769		~	1
1504.0000									1.98	11.66	2.59		2.5143	2.5071	20.7402	0.2159	0.5274			~	50
1505.0000									1.99	11.61	2.57		2.5141	2.5073	20.9327	0.0471	0.3911			~	50
1506.0000									1.99	11.86	2.61		2.5143	2.5070	20.9340	0.0460	0.3828			~	50
1507.0000									2.01	12.23	2.59		2.5141	2.5070	20.9342	0.0455	0.3791			~	50
1508.0000									2.00	12.36	2.60		2.5143	2.5069	20.7364	0.2398	0.9177			~	1
1509.0000									2.01	12.02	2.63		2.5142	2.5071	20.3643	0.5746	1.0321			~	1
1510.0000	0.80321	0.73420	1.85755	1.69798	0.9141	10.3627			2.00	11.76	2.58		2.5143	2.5070	20.4049	0.5386	1.0389	2.2695		~	1
1511.0000	0.72300	0.64706	1.67206	1.49644	0.8950	9.3278			2.00	11.70	2.61		2.5143	2.5071	20.4597	0.4800	1.0413	2.2777		~	1
1512.0000	0.65832	0.58650	1.52247	1.35638	0.8909	8.4934	0.75550	0.61494	2.00	11.75	2.61		2.5142	2.5071	20.5025	0.4394	1.0413	2.2776		~	1
1513.0000	0.60887	0.53764	1.40811	1.24339	0.8830	7.8554	0.93255	0.78383	2.00	11.98	2.61		2.5143	2.5071	20.5356	0.4066	1.0389	2.2695		~	1
1514.0000	0.57805	0.51404	1.33684	1.18880	0.8893	7.4578			2.02	12.18	2.59		2.5142	2.5072	20.5553	0.3907	1.0314	2.2434		~	1
1515.0000	0.58342	0.50702	1.34925	1.17257	0.8690	7.5270			2.01	12.03	2.63		2.5143	2.5070	20.5534	0.3860	1.0202	2.2046		~	1
1516.0000	0.54310	0.47524	1.25602	1.09908	0.8750	7.0069	0.64222	0.55720	2.00	11.80	2.59		2.5143	2.5071	20.5793	0.3647	1.0129	2.1793		~	1
1517.0000	0.47978	0.41563	1.10958	0.96121	0.8663	6.1900	0.86149	0.79648	2.00	11.64	2.61		2.5141	2.5070	20.6212	0.3246	1.0009	2.1377		~	1
1518.0000	0.43620	0.38755	1.00878	0.89627	0.8885	5.6277	1.77145	1.56541	1.99	11.74	2.59		2.5142	2.5070	20.6483	0.3058	0.9828	2.0753		~	1
1519.0000	0.55264	0.49198	1.27808	1.13780	0.8902	7.1300			2.00	11.81	2.59		2.5144	2.5071	20.5719	0.3759	0.9837	2.0785		~	1
1520.0000	0.70654	0.61078	1.63399	1.41253	0.8645	9.1155			1.99	12.00	2.63		2.5143	2.5070	20.4735	0.4557	0.9858	2.0854		~	1
1521.0000	0.68510	0.58061	1.58442	1.34276	0.8475	8.8389	1.45549	1.18360	2.01	12.28	2.63		2.5143	2.5072	20.4891	0.4354	0.9837	2.0781		~	1
1522.0000	0.64513	0.55385	1.49198	1.28087	0.8585	8.3232	0.97262	0.84839	2.01	12.25	2.62		2.5142	2.5071	20.5141	0.4175	0.9721	2.0379		~	1
1523.0000	0.59821	0.50722	1.38346	1.17304	0.8479	7.7179	0.91051	0.82395	2.01	11.90	2.59		2.5143	2.5070	20.5455	0.3861	0.9617	2.0023		~	1
1524.0000	0.57510	0.50256	1.33001	1.16226	0.8739	7.4197			2.02	11.60	2.63		2.5142	2.5071	20.5585	0.3830	0.9509	1.9648		~	1
1525.0000	0.54462	0.47053	1.25953	1.08818	0.8640	7.0265			2.00	11.46	2.58		2.5142	2.5072	20.5791	0.3615	0.9427	1.9366		~	1
1526.0000	0.54895	0.47911	1.26954	1.10802	0.8728	7.0824	1.28680	1.10106	2.00	11.74	2.59		2.5142	2.5069	20.5756	0.3673	0.9431	1.9379		~	1
1527.0000	0.57758	0.49943	1.33574	1.15501	0.8647	7.4517	1.19300	1.01429	1.99	12.05	2.61		2.5143	2.5070	20.5576	0.3809	0.9439	1.9408		~	1
1528.0000	0.54230	0.46693	1.25417	1.07986	0.8610	6.9966	1.09052	0.93248	2.01	12.22	2.62		2.5143	2.5072	20.5809	0.3591	0.9367	1.9159		~	1
1529.0000	0.51646	0.44515	1.19439	1.02949	0.8619	6.6631			1.99	11.89	2.64		2.5143	2.5071	20.5976	0.3445	0.9303	1.8938		~	1
1530.0000	0.53846	0.46695	1.24529	1.07990	0.8672	6.9471			2.00	11.77	2.66		2.5143	2.5072	20.5829	0.3591	0.9319	1.8992		~	1
1531.0000	0.57911	0.49333	1.33930	1.14092	0.8519	7.4715	1.65793	1.41684	2.01	11.75	2.62		2.5143	2.5068	20.5576	0.3768	0.9332	1.9036		~	1
1532.0000	0.59361	0.51220	1.37283	1.18454	0.8628	7.6586	1.53391	1.33545	2.01	11.77	2.63		2.5143	2.5070	20.5473	0.3895	0.9351	1.9104		~	1
1533.0000	0.60684	0.52173	1.40342	1.20659	0.8597	7.8292	1.34447	1.18055	2.01	12.06	2.63		2.5143	2.5071	20.5389	0.3959	0.9386	1.9224		~	1
1534.0000	0.58922	0.51176	1.36267	1.18353	0.8685	7.6019			2.00	12.29	2.63		2.5142	2.5068	20.5497	0.3892	0.9358	1.9128		~	1
1535.0000	0.57351	0.49494	1.32633	1.14464	0.8630	7.3992			1.99	12.22	2.64		2.5143	2.5070	20.5604	0.3779	0.9308	1.8955		~	1
1536.0000	0.53084	0.46080	1.22766	1.06568	0.8681	6.8487	1.32145	1.12874	2.00	11.92	2.61		2.5141	2.5070	20.5878	0.3550	0.9233	1.8696		~	1
1537.0000	0.55487	0.48134	1.28323	1.11319	0.8675	7.1587	1.63744	1.38259	2.00	11.69	2.63		2.5143	2.5071	20.5722	0.3688	0.9277	1.8846		~	1
1538.0000	0.61366	0.52443	1.41920	1.21283	0.8546	7.9172	1.76138	1.50157	2.00	11.73	2.66		2.5142	2.5073	20.5349	0.3977	0.9311	1.8965		~	1
1539.0000	0.62163	0.53171	1.43763	1.22967	0.8553	8.0201			2.00	11.86	2.61		2.5144	2.5070	20.5297	0.4026	0.9318	1.8987		~	1
1540.0000	0.62900	0.54600	1.45468	1.26271	0.8680	8.1152			1.98	12.16	2.61		2.5142	2.5070	20.5237	0.4122	0.9308	1.8955		~	1
1541.0000	0.61309	0.53413	1.41788	1.23528	0.8712	7.9099	1.36088	1.19771	2.00	12.26	2.62		2.5143	2.5071	20.5339	0.4042	0.9306	1.8946		~	1
1542.0000	0.60916	0.52630	1.40880	1.21716	0.8640	7.8592	1.36281	1.18678	1.97	12.04	2.61		2.5142	2.5071	20.5370	0.3990	0.9253	1.8765		~	1
1543.0000	0.61376	0.53502	1.41942	1.23733	0.8717	7.9184	1.32082	1.14143	1.99	11.79	2.61		2.5143	2.5069	20.5334	0.4048	0.9261	1.8790		~	1
1544.0000	0.60484	0.52625	1.39880	1.21705	0.8701	7.8035			1.99	11.58	2.61		2.5141	2.5070	20.5393	0.3989	0.9250	1.8754		~	1
1545.0000	0.58287	0.50185	1.34798	1.16061	0.8610	7.5199			1.98	11.52	2.61		2.5143	2.5071	20.5544	0.3825	0.9244	1.8733		~	1
1546.0000	0.65858	0.57347	1.52309	1.32624	0.8708	8.4968	1.14553	0.98854	1.99	11.75	2.62		2.5143	2.5070	20.5042	0.4306	0.9295	1.8910		~	1
1547.0000	0.64270	0.55403	1.48635	1.28129	0.8620	8.2919	0.76022	0.70485	2.01	12.13	2.65		2.5144	2.5072	20.5154	0.4176	0.9314	1.8974		~	1
1548.0000	0.44352	0.38414	1.02571	0.88840	0.8661	5.7221	0.90260	0.87411	2.03	12.27	2.67		2.5143	2.5072	20.6449	0.3035	0.9613	2.0011		~	1
1549.0000	0.54498	0.48976	1.26036	1.13265	0.8987	7.0311			2.02	11.87	2.61		2.5143	2.5071	20.5762	0.3744	1.0185	2.1989		~	1
1550.0000	0.59463	0.53133	1.37518	1.22880	0.8936	7.6717			2.02	11.53	2.62		2.5142	2.5071	20.5440	0.4023	1.0399	2.2727		~	1
1551.0000	0.58127	0.52799	1.34430	1.22107	0.9083	7.4994	1.93086	1.73848	2.03	11.53	2.62		2.5142	2.5072	20.5516	0.4001	1.0284	2.2332		~	1
1552.0000	0.65419	0.58647	1.51293	1.35631	0.8965	8.4402	1.96955	1.75254	2.03	11.66	2.63		2.5142	2.5072	20.5047	0.4394	1.0284	2.2332		~	1
1553.0000	0.70621	0.63351	1.63324	1.46511	0.8971	9.1113	1.75050	1.56110	2.01	11.93	2.64		2.5143	2.5071	20.4705	0.4709	1.0286	2.2335		~	1
1554.0000	0.67386	0.60260	1.55842	1.39361	0.8942	8.6939			2.00	12.20	2.63		2.5143	2.5071	20.4920	0.4502	1.0140	2.1834		~	1
1555.0000	0.65430	0.58992	1.51318	1.36428	0.9016	8.4416			1.99	12.29	2.63		2.5142	2.5071	20.5042	0.4417	1.0076	2.1610		~	1
1556.0000	0.73970	0.67560	1.71069	1.56244	0.9133	9.5434	2.19527	2.07594	1.99	12.18	2.61		2.5142	2.5070	20.4468	0.4992	1.0361	2.2597		~	1
1557.0000	0.76702	0.70850	1.77387	1.63852	0.9237	9.8958	2.43352	2.33046	1.98	12.03	2.61		2.5144	2.5070	20.4277	0.5213	1.0985	2.4759		~	1
1558.0000	0.78081	0.71635	1.80577	1.65669	0.9174	10.0738	2.25452	2.16195	2.00	11.83	2.63		2.5143	2.5071	20.4193	0.5266	1.1568	2.6781		~	1
1559.0000	0.89368	0.84467	2.06679	1.95344	0.9452	11.5299			2.00	12.02	2.64		2.5142	2.5070	20.3413	0.6127	1.1809	2.7619		~	1
1560.0000	0.79249	0.73775	1.83277	1.70616	0.9309	10.2244			1.99	12.29	2.61		2.5141	2.5070	20.4101	0.5409	1.1527	2.6641		~	1
1561.0000	0.71663	0.64699	1.65734	1.49629	0.9028	9.2457	0.63418	0.42596	1.92	12.50	2.62		2.5142	2.5072	20.4631	0.4800	1.1241	2.5646		~	1
1562.0000	0.63735	0.57198	1.47399	1.32279	0.8974	8.2229			2.58	12.19	2.87		2.5143	2.5071	20.5157	0.4296	1.0976	2.4728		~	1
1563.0000	0.60370	0.53809	1.39617	1.24442	0.8913	7.7888			2.64	11.77	3.29		2.5142	2.5070	20.5383	0.4069	1.0809	2.4150		~	1
1564.0000									2.75	11.56	3.99		2.5142	2.5072	20.7148	0.2322	0.5189			~	50
1565.0000									2.90	11.57	4.49		2.5143	2.5069	20.9314	0.0474	0.3848			~	50
1566.0000									3.03	11.79	4.68		2.5142	2.5070	20.9327	0.0463	0.3761			~	50
1567.0000									3.21	12.05	4.93		2.5141	2.5071	20.9330	0.0459	0.3728			~	50
1568.0000									3.26	12.11	4.87		2.5144	2.5072	20.7493	0.2185	0.8848			~	1
1569.0000									3.34	11.76	5.17		2.5144	2.5070	20.5527	0.3803	0.9929			~	1
1570.0000	0.61469	0.52331	1.42159	1.21024	0.8513	7.9306			3.37	11.49	5.03		2.5143	2.5070	20.5333	0.3973	0.9896	2.1206		~	1
1571.0000	0.63585	0.53818	1.47052	1.24463	0.8464	8.2035			3.42	11.45	5.15		2.5142	2.5070	20.5200	0.4073	0.9859	2.1077		~	1
1572.0000	0.63261	0.54117	1.46302	1.25156	0.8555	8.1617	1.55958	1.33751	3.54	11.52	5.44		2.5142	2.5069	20.5213	0.4093	0.9836	2.0997		~	1
1573.0000	0.64315	0.54758	1.48739	1.26637	0.8514	8.2977	1.55752	1.34387	3.59	11.78	5.40		2.5142	2.5071	20.5148	0.4136	0.9876	2.1135		~	1
1574.0000	0.64681	0.55119	1.49587	1.27471	0.8522	8.3450			3.61	12.07	5.41		2.5142	2.5071	20.5123	0.4160	0.9882	2.1158		~	1
1575.0000	0.65230	0.56093	1.50855	1.29726	0.8599	8.4157			3.58	12.01	5.32		2.5143	2.5071	20.5080	0.4225	0.9844	2.1025		~	1
1576.0000	0.66064	0.56917	1.52784	1.31631	0.8616	8.5233	1.53873	1.34448	3.65	11.90	5.60		2.5143	2.5071	20.5025	0.4281	0.9845	2.1028		~	1
1577.0000	0.65800	0.56674	1.52173	1.31069	0.8613	8.4892	1.42430	1.22628	3.65	11.82	5.59		2.5142	2.5070	20.5042	0.4264	0.9798	2.0868		~	1
1578.0000	0.65134	0.56306	1.50633	1.30217	0.8645	8.4033	1.28690	1.10662	3.73	11.75	5.59		2.5142	2.5070	20.5082	0.4240	0.9794	2.0854		~	1
1579.0000	0.62686	0.53716	1.44972	1.24227	0.8569	8.0875			3.80	11.96	5.61		2.5144	2.5069	20.5249	0.4066	0.9850	2.1046		~	1
1580.0000	0.60710	0.52454	1.40402	1.21310	0.8640	7.8326			3.75	12.23	5.60		2.5141	2.5071	20.5371	0.3981	1.0391	2.2918		~	1
1581.0000	0.46335	0.41025	1.07159	0.94876	0.8854	5.9780	0.64812	0.62609	3.80	12.30	5.78		2.5142	2.5070	20.6295	0.3214	1.0297	2.2596		~	1
1582.0000	0.47104	0.41759	1.08936	0.96575	0.8865	6.0772	1.47765	1.31396	3.74	11.92	5.71		2.5142	2.5071	20.6244	0.3263	0.9694	2.0509		~	1
1583.0000	0.52163	0.45826	1.20637	1.05980	0.8785	6.7299	2.52670	2.25009	3.62	11.66	5.52		2.5142	2.5069	20.5918	0.3536	0.9372	1.9397		~	1
1584.0000	0.65454	0.57571	1.51374	1.33142	0.8796	8.4447			3.46	11.42	5.30		2.5142	2.5071	20.5048	0.4325	0.9332	1.9255		~	1
1585.0000	0.79297	0.71204	1.83389	1.64672	0.8979	10.2307			3.22	11.37	4.94		2.5142	2.5069	20.4122	0.5240	0.9914	2.1268		~	1
1586.0000	0.60699	0.53806	1.40378	1.24437	0.8864	7.8312	1.61674	1.47128	3.15	11.64	4.65		2.5144	2.5071	20.5353	0.4072	1.0021	2.1640		~	1
1587.0000	0.66534	0.60564	1.53871	1.40066	0.9103	8.5840	1.93136	1.70153	3.05	12.02	4.53		2.5143	2.5071	20.4948	0.4526	0.9832	2.0988		~	1
1588.0000	0.79421	0.70541	1.83675	1.63138	0.8882	10.2466	2.26331	2.01765	3.03	12.20	4.37		2.5144	2.5072	20.4124	0.5196	0.9899	2.1215		~	1
1589.0000	0.72972	0.64370	1.68759	1.48867	0.8821	9.4145			2.92	11.98	4.25		2.5143	2.5071	20.4553	0.4781	0.9678	2.0453		~	1
1590.0000	0.78752	0.71639	1.82128	1.65678	0.9097	10.1603			2.86	11.75	4.13		2.5144	2.5071	20.4144	0.5269	0.9979	2.1496		~	1
1591.0000	0.69325	0.62884	1.60326	1.45430	0.9071	8.9441	-1.80287	-1.58584	2.76	11.50	4.11		2.5141	2.5068	20.4768	0.4681	0.9639	2.0317		~	1
1592.0000	0.20707	0.19297	0.47889	0.44627	0.9319	2.6716	-2.62883	-2.38805	2.75	11.69	3.96		2.5143	2.5069	20.7960	0.1754	0.8085	1.4955		~	1
1593.0000	0.02872	0.02739	0.06641	0.06335	0.9538	0.3705	-1.66167	-1.53145	2.71	11.94	3.90		2.5142	2.5070	20.9139	0.0642	0.6761	1.0397		~	1
1594.0000	0.01602	0.01194	0.03705	0.02761	0.7453	0.2067			2.68	12.08	3.87		2.5142	2.5068	20.9228	0.0539	0.6191	0.8439		~	1
1595.0000	0.01542	0.01106	0.03567	0.02558	0.7170	0.1990			2.65	12.15	3.84		2.5141	2.5071	20.9232	0.0533	0.6253	0.8653		~	1
1596.0000	0.01543	0.01400	0.03569	0.03239	0.9075	0.1991	0.04490	0.04462	2.65	12.03	3.76		2.5142	2.5072	20.9228	0.0553	0.7242	1.2053		~	1
1597.0000	0.01711	0.01477	0.03958	0.03416	0.8630	0.2208	0.04968	0.03816	2.61	11.98	3.69		2.5142	2.5072	20.9218	0.0558	0.7510	1.2977		~	1
1598.0000	0.01753	0.01411	0.04054	0.03263	0.8048	0.2262			2.59	11.93	3.69		2.5143	2.5070	20.9217	0.0553	0.7534	1.3058		~	1
1599.0000	0.01797	0.01368	0.04155	0.03163	0.7613	0.2318			2.55	11.85	3.63		2.5141	2.5069	20.9215	0.0550	0.6992	1.1193		~	1
1600.0000									2.53	12.22	3.63		2.5142	2.5070	20.9240	0.0502	0.4084			~	50
1601.0000									2.51	12.50	3.61		2.5141	2.5071	20.9290	0.0462	0.3698			~	50
1602.0000									2.51	12.32	3.55		2.5142	2.5070	20.9288	0.0462	0.3655			~	50
1603.0000									2.47	11.93	3.55		2.5142	2.5072	20.9287	0.0461	0.3633			~	50
1604.0000									2.49	11.63	3.48		2.5143	2.5070	20.9321	0.0300	0.2969			~	40
1605.0000									2.53	11.44	3.44		2.5142	2.5070	20.9363	0.0013	0.1913			~	40
1606.0000									2.48	11.54	3.43		2.5143	2.5072	20.9368	0.0010	0.1619			~	40
1607.0000									2.46	11.70	3.40		2.5142	2.5071	20.9371	0.0009	0.1480			~	40
1608.0000									2.46	11.75	3.49		2.5140	2.5069	20.9576	0.2168	0.2447			~	70
1609.0000									2.50	11.54	3.46		2.5141	2.5069	20.9865	0.5040	0.1602			~	70
1610.0000									2.48	11.33	3.43		2.5141	2.5073	20.9841	0.5063	0.1302			~	70
1611.0000									2.44	11.31	3.35		2.5143	2.5071	20.9845	0.5069	0.1165			~	70
1612.0000									2.44	11.31	3.38		2.5144	2.5071	20.9544	0.2822	0.7345			~	1
1613.0000									2.46	11.53	3.36		2.5143	2.5071	20.9208	0.0539	0.8713			~	1
1614.0000	0.01204	0.01006	0.02784	0.02326	0.8355	0.1553			2.43	11.85	3.36		2.5143	2.5070	20.9209	0.0528	0.8708	1.7434		~	1
1615.0000	0.01237	0.00931	0.02860	0.02153	0.7528	0.1595			2.43	11.98	3.42		2.5141	2.5071	20.9209	0.0523	0.8712	1.7447		~	1
1616.0000	0.01210	0.00872	0.02799	0.02017	0.7204	0.1561	0.02302	0.01108	2.46	11.78	3.41		2.5143	2.5071	20.9211	0.0519	0.8683	1.7348		~	1
1617.0000	0.01159	0.00803	0.02680	0.01857	0.6929	0.1495	0.01936	0.01027	2.45	11.62	3.36		2.5145	2.5070	20.9214	0.0515	0.8621	1.7133		~	1
1618.0000	0.01094	0.00747	0.02531	0.01728	0.6828	0.1412	0.02012	0.01099	2.46	11.56	3.40		2.5142	2.5072	20.9219	0.0511	0.8534	1.6833		~	1
1619.0000	0.01044	0.00697	0.02415	0.01611	0.6672	0.1347			2.45	11.47	3.31		2.5141	2.5073	20.9222	0.0508	0.8428	1.6466		~	1
1620.0000	0.01085	0.00698	0.02508	0.01613	0.6431	0.1399			2.46	11.55	3.33		2.5143	2.5070	20.9220	0.0508	0.8378	1.6296		~	1
1621.0000	0.01150	0.00768	0.02659	0.01777	0.6682	0.1483			2.46	11.88	3.36		2.5140	2.5070	20.9215	0.0512	0.8312	1.6067		~	1
1622.0000	0.01180	0.00786	0.02729	0.01818	0.6663	0.1522			2.42	11.81	3.32		2.5142	2.5070	20.9214	0.0514	0.8245	1.5837		~	1
